0 1 3.406627713
0 2 1.282431225
0 3 8.572703211
0 4 7.115643628
0 10 8.517060816
0 13 7.985664546
0 15 2.308615063
0 18 3.275679565
0 19 8.272490792
0 20 3.639511866
0 22 7.602002663
0 24 0.296332813
0 27 2.99619519
0 36 3.341515436
0 40 6.699113389
0 42 5.156957227
0 44 6.60938307
0 46 2.82336373
0 49 4.918595335
0 51 6.013214133
0 59 5.582012889
0 61 8.552273229
0 62 9.820456902
0 64 4.5968201
0 65 5.342353439
0 67 3.403433508
0 69 7.440323758
0 72 0.149460657
0 74 2.079479717
0 75 8.863034834
0 80 4.054603509
0 102 9.607737702
0 105 6.17886623
2 20 1.310557583
3 67 0.132126241
3 72 2.510464682
7 22 3.722308313
7 65 0.260466915
9 67 0.15444879
9 69 3.373041333
9 72 9.538693605
9 75 5.661338818
9 105 4.600373505
10 67 1.099888839
13 59 7.019326081
13 65 3.377993718
13 67 3.952799826
14 20 7.043214592
17 19 8.709976677
20 44 7.453455462
21 40 6.793301091
21 67 4.773005004
21 105 9.520958051
23 51 7.570995863
23 61 7.875466632
24 80 3.363232852
25 40 2.050163989
25 51 6.491936503
25 65 2.496769349
25 67 7.247694371
25 69 6.003279442
25 72 2.477172616
25 105 4.025828989
26 40 1.285164757
26 62 4.226355484
26 67 7.916546317
26 69 8.070082223
26 72 6.397136578
29 40 7.72225496
31 51 3.989961005
31 67 4.658514611
33 42 9.393921036
39 69 3.139340198
39 105 6.048752965
40 67 7.188481019
40 72 8.454422155
41 44 4.144519445
45 67 4.919432541
48 80 9.60501408
55 67 1.159641716
56 59 6.702799473
56 62 8.034544503
56 14 2.461914837
56 72 1.152311824
56 75 1.435455913
57 80 2.370746699
62 67 9.080800581
66 67 3.801687539
67 69 3.779406274
67 72 0.985321114
67 75 4.373066176
69 105 1.138308422
99 102 0.435477126
14 20 3.07456187
14 28 5.953301918
14 41 2.629130277
14 115 3.315620887
14 34 8.767168221
14 144 9.226826295
14 149 0.655420967
14 26 7.84578648
14 214 5.888347177
14 226 1.344794783
14 310 0.333872826
14 72 7.648879535
14 326 8.141986387
14 343 6.262079716
48 42 2.04055335
48 69 4.430987556
48 105 5.501936046
48 67 9.957878825
48 72 1.708759561
48 44 8.705707224
48 67 8.148581504
48 80 9.196792129
48 67 8.706134425
48 59 8.916347093
48 62 4.550257156
48 42 2.96643916
48 69 7.090016023
48 105 4.085791439
48 67 3.418727308
48 72 0.875119324
48 44 1.635264998
48 67 7.958723465
48 80 0.271963997
48 67 0.034179661
72 69 1.642060914
72 105 7.522403799
72 40 4.0349214
72 62 0.640667708
72 67 8.062611697
72 69 5.690194597
72 40 2.682479728
72 51 3.523398899
72 67 7.394778197
72 42 9.043229359
72 69 7.516080663
72 105 0.835382572
72 67 1.447163787
214 69 7.78837691
214 72 9.115529786
214 105 4.903341203
214 40 1.017985271
214 62 2.966816095
214 67 9.662361962
214 69 0.892240897
214 72 1.980073374
214 40 3.50911743
214 51 5.431946838
214 67 8.318616374
214 42 2.242858434
214 69 8.985549203
214 105 5.578447635
214 67 1.347829824
214 343 7.36412391
214 42 7.826476388
214 69 0.329929364
214 105 0.534434287